638
38
968
826
794
227
748
66
60
250
827
322
502
520
578
252
829
189
62
593
349
830
286
657
370
181
75
481
110
84
609
589
71
529
613
225
44
125
186
453
159
854
860
952
387
23
55
718
402
626
667
637
980
394
12
106
237
291
845
415
806
405
200
712
621
212
844
545
559
228
944
362
940
292
251
204
186
366
974
14
582
883
828
643
623
510
210
170
302
209
197
649
310
848
920
402
209
822
428
533
637
985
39
88
138
281
200
836
2
581
745
544
545
171
641
303
366
2
29
155
565
661
81
723
362
810
164
290
55
184
681
267
298
771
314
231
226
689
627
54
87
198
837
890
596
431
190
31
270
359
256
431
111
275
246
962
752
427
445
126
999
438
838
349
83
509
48
426
180
570
976
313
39
346
638
575
980
69
505
529
419
25
475
24
191
501
259
907
498
8
915
482
75
85
625
125
252
56
259
168
355
872
674
4
791
624
358
777
580
171
63
464
431
544
919
26
874
749
373
594
233
757
847
364
988
981
951
978
590
174
696
4
605
373
610
828
231
52
946
644
714
878
988
601
564
771
368
509
917
871
597
733
767
140
158
715
404
916
519
78
203
777
845
950
387
952
362
376
76
724
274
852
281
240
303
275
408
444
794
794
122
603
2
308
680
132
297
850
586
375
193
46
247
131
573
654
262
975
90
510
438
371
102
677
767
830
202
515
673
401
990
585
257
894
883
351
491
651
286
543
409
146
960
820
673
974
174
985
36
807
581
245
542
730
341
464
202
308
941
788
3
586
952
84
544
232
586
714
620
652
210
500
541
963
213
420
626
215
787
573
908
283
720
574
889
664
714
970
466
102
108
562
860
588
746
725
297
908
72
407
747
859
252
747
565
873
308
566
399
967
955
228
854
247
972
323
602
255
681
425
4
371
711
722
135
244
836
214
684
591
412
287
766
692
216
100
631
833
385
384
978
81
561
702
518
576
733
357
761
310
51
766
210
728
459
141
990
956
603
811
437
311
815
477
508
382
861
168
418
553
223
649
548
826
619
878
888
543
434
110
910
601
915
926
447
863
1
774
920
969
405
488
16
894
656
480
330
708
258
248
967
62
768
813
722
418
836
910
929
93
181
669
266
213
964
59
623
927
16
368
31
991
489
723
989
434
656
376
461
202
861
112
325
672
517
441
565
956
62
462
930
733
546
990
287
166
230
560
84
539
487
121
183
536
806
419
188
168
682
171
569
491
385
342
192
160
959
292
227
50
325
109
175
853
52
920
534
18
994
544
547
606
641
0
899
937
567
839
476
453
573
104
862
366
379
95
266
118
697
440
144
993
848
46
200
887
342
57
544
665
486
65
333
202
305
191
650
374
945
509
927
268
491
254
511
645
340
962
956
884
689
232
434
246
879
854
900
956
538
243
444
708
949
544
92
598
274
289
711
727
578
106
253
522
158
447
134
555
85
967
742
234
81
724
532
660
127
802
156
145
387
923
781
20
716
994
42
425
817
855
574
782
411
599
176
483
745
973
243
683
837
974
112
163
465
308
187
290
652
696
112
666
381
157
578
878
815
614
831
755
598
528
181
466
881
412
498
64
275
547
443
669
729
910
110
168
575
186
274
160
626
1000
770
756
706
147
408
218
982
853
415
852
269
708
662
580
212
30
23
238
817
693
422
677
89
962
667
973
801
151
733
842
102
490
441
852
843
548
574
219
627
200
206
435
415
342
410
131
6
652
508
978
538
710
216
403
53
259
494
665
784
861
936
626
5
639
85
223
705
397
863
554
967
371
365
808
670
39
43
93
983
373
900
882
615
441
321
492
719
421
0
589
352
266
417
393
234
377
467
600
210
415
70
323
744
310
782
266
549
946
470
10
291
559
670
679
701
268
233
974
349
30
258
806
492
349
197
462
943
352
58
47
786
564
271
195
863
319
807
960
615
788
40
41
797
549
324
782
826
880
776
690
797
975
661
916
705
106
984
348
365
617
732
531
868
285
704
517
943
208
897
990
949
666
56
584
751
911
424
674
574
454
69
745
441
50
744
795
43
762
168
304
232
724
777
375
567
504
40
643
138
165
762
118
766
790
353
303
336
753
481
595
326
925
675
562
27
383
712
504
834
270
64
297
107
145
927
961
763
221
236
276
152
691
264
450
983
855
660
292
430
785
999
726
818
157
367
502
43
226
307
931
555
190
214
757
63
683
301
873
183
522
107
898
465
92
133
596
276
958
852
745
444
237
605
192
641
648
254
214
862
244
534
63
199
749
376
376
835
849
